//Maya ASCII 2026 scene
//Name: Blanket.1
//Last modified: Fri, Dec 05, 2025 10:45:37 PM
//Codeset: 1252
requires maya "2026";
requires "mtoa" "5.5.3";
currentUnit -l centimeter -a degree -t film;
fileInfo "application" "maya";
fileInfo "product" "Maya 2026";
fileInfo "version" "2026";
fileInfo "cutIdentifier" "202507081222-4d6919b75c";
fileInfo "osv" "Windows 11 Home v2009 (Build: 26200)";
fileInfo "UUID" "A32F993D-4647-1072-6037-6F9DE793B44E";
createNode transform -n "pDisc3";
	rename -uid "54C3953B-4453-78C6-9146-26A225635EF7";
	setAttr ".t" -type "double3" -3.3396456445026068 2.0142895034625306 1.1011166683709381 ;
	setAttr ".s" -type "double3" 2.7754266571901764 1 2.7754266571901764 ;
createNode mesh -n "pDiscShape3" -p "pDisc3";
	rename -uid "2ECC5D4A-45F4-6C2F-2C3C-2AADFBF0BF39";
	setAttr -k off ".v";
	setAttr ".io" yes;
	setAttr ".vir" yes;
	setAttr ".vif" yes;
	setAttr ".uvst[0].uvsn" -type "string" "map1";
	setAttr -s 217 ".uvst[0].uvsp[0:216]" -type "float2" 0.066987306 0.24999997
		 0.93301272 0.25000006 0.49999991 1 0.5 0 0.93301266 0.75000012 0.066987246 0.74999994
		 0.49999997 0.5 0 0.49999994 0.25 0.066987276 0.5 0.25 0.28349364 0.625 0.28349364
		 0.37499997 0.75000006 0.066987306 1 0.50000006 0.7165063 0.62500006 0.71650636 0.37500003
		 0.74999988 0.93301272 0.24999994 0.93301266 0.49999997 0.75 0.17524043 0.6875 0.017037064
		 0.62940949 0.14174682 0.43749997 0.28349364 0.49999997 0.15849361 0.56249994 0.017037094
		 0.37059045 0.14644662 0.14644659 0.26674682 0.22099364 0.15012023 0.29799679 0.37059051
		 0.017037064 0.5 0.125 0.39174682 0.3125 0.38337344 0.17299682 0.5 0.375 0.39174682
		 0.5625 0.39174682 0.4375 0.62940955 0.017037064 0.73325318 0.2209937 0.60825318 0.3125
		 0.61662662 0.17299682 0.85355341 0.14644665 0.98296297 0.37059054 0.85825318 0.43750006
		 0.84987974 0.29799688 0.98296291 0.62940961 0.82475948 0.68750006 0.71650636 0.50000006
		 0.84150636 0.56250006 0.60825312 0.5625 0.60825318 0.43750003 0.85355335 0.85355347
		 0.62499994 0.84150636 0.60825312 0.6875 0.72487968 0.76450324 0.62940943 0.98296297
		 0.37059039 0.98296291 0.37499994 0.84150636 0.49999994 0.90400636 0.14644653 0.85355335
		 0.39174679 0.6875 0.2751202 0.76450312 0.49999997 0.625 0.28349364 0.5625 0.22936702
		 0.65625 0.16686702 0.625 0.22099364 0.53124994 0.22518033 0.59375 0.12111384 0.71875
		 0.038060248 0.69134164 0.087765336 0.59595472 0.10443959 0.65735233 0.0042775869
		 0.56526303 0.07087341 0.46874994 0.1501202 0.49999997 0.079319388 0.53235233 0.21262023
		 0.40624997 0.28349364 0.43749997 0.21680692 0.46874997 0.0042775869 0.43473685 0.083578646
		 0.3342936 0.14593351 0.36774838 0.077226043 0.4015218 0.038060278 0.30865824 0.10332334
		 0.19561929 0.14828342 0.22222167 0.095147818 0.26625845 0.19561931 0.10332331 0.25837341
		 0.14399046 0.20843351 0.2594952 0.20332843 0.18310606 0.27512023 0.29799682 0.21052688
		 0.3328726 0.3086583 0.038060248 0.37698197 0.095016956 0.32506013 0.19699523 0.31767768
		 0.11950368 0.43473694 0.0042775869 0.5 0.0625 0.44168672 0.14899841 0.43849099 0.078758478
		 0.5 0.1875 0.44587341 0.28125 0.38756013 0.24274841 0.44378006 0.21512419 0.33762023
		 0.34374997 0.33134019 0.2703726 0.5 0.3125 0.44587341 0.40625 0.39174682 0.375 0.44587341
		 0.34375 0.5 0.4375 0.44587338 0.53125 0.39174682 0.5 0.44587341 0.46875 0.3376202
		 0.59375 0.33762023 0.46874997 0.3376202 0.53125 0.33762023 0.40625 0.55412662 0.28125
		 0.55831331 0.14899841 0.61243987 0.24274841 0.55621994 0.21512419 0.56526315 0.0042775869
		 0.62301809 0.095016956 0.56150907 0.078758478 0.69134176 0.038060278 0.74162662 0.14399052
		 0.67493987 0.19699526 0.68232238 0.11950374 0.72487974 0.29799688 0.66237974 0.34375003
		 0.66865981 0.27037263 0.80438077 0.10332334 0.85171658 0.22222176 0.79156649 0.25949529
		 0.79667163 0.18310615 0.89667666 0.19561934 0.96193975 0.30865836 0.91642135 0.33429372
		 0.90485221 0.26625854 0.99572241 0.43473697 0.92912662 0.46875006 0.85406649 0.36774847
		 0.92277396 0.40152189 0.78737974 0.40625006 0.78947312 0.33287266 0.99572241 0.56526315
		 0.9122346 0.59595484 0.84987974 0.50000006 0.92068064 0.53235245 0.96193969 0.69134182
		 0.8788861 0.71875006 0.83313292 0.62500006 0.89556038 0.65735245 0.77063286 0.65625006
		 0.71650636 0.56250006 0.77900636 0.53125006 0.77481961 0.59375006 0.71650636 0.43750003
		 0.78319305 0.46875006 0.66237974 0.59375 0.60825318 0.5 0.66237974 0.46875003 0.66237974
		 0.53125006 0.55412656 0.53125 0.55412656 0.40625 0.55412656 0.46875 0.60825318 0.375
		 0.55412656 0.34375 0.66237974 0.40625003 0.66237974 0.65625 0.77481961 0.72600162
		 0.66656643 0.72600162 0.71859968 0.69112587 0.89667666 0.80438077 0.78921652 0.80902833
		 0.83405131 0.76388919 0.80438066 0.89667672 0.68749994 0.88725954 0.67493981 0.8030048
		 0.73835826 0.84814394 0.56249994 0.79575318 0.55412656 0.71875 0.61453319 0.76087737
		 0.69134164 0.96193981 0.56470466 0.94348466 0.56249994 0.87275636 0.62610233 0.91537213
		 0.56526303 0.99572241 0.43473685 0.99572241 0.43529516 0.94348466 0.49999991 0.96748304
		 0.30865821 0.96193969 0.31249994 0.88725948 0.43749994 0.87275636 0.37389755 0.91537207
		 0.43749994 0.79575318 0.49999994 0.83425474 0.19561923 0.89667666 0.21078336 0.80902827
		 0.32506007 0.80300474 0.26164165 0.84814382 0.10332328 0.80438066 0.2251803 0.72600156
		 0.16594857 0.76388907 0.3376202 0.65625 0.33343348 0.72600156 0.28140026 0.69112575
		 0.44587338 0.71875 0.38546672 0.76087737 0.44587338 0.59375 0.44587338 0.65625 0.39174679
		 0.625 0.55412656 0.59375 0.49999997 0.5625 0.55412656 0.65625 0.60825312 0.625 0.49999997
		 0.6875;
	setAttr ".cuvs" -type "string" "map1";
	setAttr ".dcc" -type "string" "Ambient+Diffuse";
	setAttr ".covm[0]"  0 1 1;
	setAttr ".cdvm[0]"  0 1 1;
	setAttr -s 217 ".vt";
	setAttr ".vt[0:165]"  -0.86602539 0 0.50000006 0.86602545 0 0.49999991 -1.6292068e-07 0 -1
		 5.9604645e-08 0 1 0.86602533 0 -0.50000018 -0.86602551 0 -0.49999991 -3.4438681e-08 0 0
		 -1 0 1.0323827e-07 -0.49999997 0 0.86602545 1.2582982e-08 0 0.5 -0.43301275 0 -0.24999994
		 -0.43301272 0 0.25000006 0.50000012 0 0.86602539 1 0 -1.5485742e-07 0.43301263 0 -0.25000009
		 0.43301272 0 0.24999993 0.49999982 0 -0.86602551 -0.50000012 0 -0.86602533 -8.3115474e-08 0 -0.5
		 -0.64951915 0 -0.37499994 -0.96592587 0 -0.25881895 -0.71650636 0 0.12500007 -0.43301272 0 5.9604645e-08
		 -0.68301278 0 -0.12499993 -0.96592581 0 0.25881913 -0.70710677 0 0.70710683 -0.46650636 0 0.55801272
		 -0.69975954 0 0.40400642 -0.25881901 0 0.96592587 3.6093812e-08 0 0.75 -0.21650636 0 0.37500003
		 -0.23325315 0 0.65400636 -1.092785e-08 0 0.25 -0.21650639 0 -0.12499997 -0.21650638 0 0.12500003
		 0.25881913 0 0.96592587 0.46650639 0 0.5580126 0.21650636 0 0.37499997 0.23325321 0 0.65400636
		 0.70710683 0 0.70710671 0.96592587 0 0.25881892 0.71650636 0 0.12499989 0.69975954 0 0.40400624
		 0.96592581 0 -0.25881922 0.64951897 0 -0.37500012 0.43301266 0 -8.1956387e-08 0.68301266 0 -0.12500013
		 0.2165063 0 -0.12500004 0.21650633 0 0.12499996 0.70710671 0 -0.70710695 0.24999987 0 -0.68301272
		 0.21650627 0 -0.37500006 0.44975939 0 -0.52900642 0.25881886 0 -0.96592587 -0.25881919 0 -0.96592581
		 -0.25000009 0 -0.68301266 -1.3253758e-07 0 -0.80801272 -0.70710695 0 -0.70710671
		 -0.21650642 0 -0.37499997 -0.44975963 0 -0.5290063 -5.8031773e-08 0 -0.25 -0.43301272 0 -0.12499994
		 -0.54126596 0 -0.31249994 -0.66626596 0 -0.24999994 -0.55801272 0 -0.062499933 -0.54963934 0 -0.18749994
		 -0.75777233 0 -0.43749994 -0.9238795 0 -0.38268331 -0.82446933 0 -0.19190943 -0.79112083 0 -0.31470469
		 -0.99144483 0 -0.1305261 -0.85825318 0 0.062500089 -0.6997596 0 7.4505806e-08 -0.84136122 0 -0.064704679
		 -0.57475954 0 0.18750006 -0.43301272 0 0.12500006 -0.56638616 0 0.06250006 -0.99144483 0 0.13052627
		 -0.83284271 0 0.33141279 -0.70813298 0 0.26450324 -0.84554791 0 0.19695643 -0.92387944 0 0.38268352
		 -0.79335332 0 0.60876143 -0.70343316 0 0.55555665 -0.80970436 0 0.4674831 -0.60876137 0 0.79335338
		 -0.48325318 0 0.71201909 -0.58313298 0 0.48100957 -0.59334314 0 0.63378787 -0.44975954 0 0.40400639
		 -0.57894623 0 0.3342548 -0.38268337 0 0.9238795 -0.24603608 0 0.80996609 -0.34987974 0 0.60600954
		 -0.36464462 0 0.76099265 -0.13052614 0 0.99144483 4.7849227e-08 0 0.875 -0.11662656 0 0.70200318
		 -0.12301802 0 0.84248304 2.4338398e-08 0 0.625 -0.10825317 0 0.4375 -0.22487976 0 0.51450318
		 -0.11243987 0 0.56975162 -0.32475954 0 0.31250006 -0.33731964 0 0.4592548 8.2756602e-10 0 0.375
		 -0.1082532 0 0.18750001 -0.21650636 0 0.25000003 -0.10825318 0 0.3125 -2.2683265e-08 0 0.125
		 -0.10825321 0 -0.062499985 -0.21650639 0 2.9802322e-08 -0.1082532 0 0.062500015 -0.32475957 0 -0.18749996
		 -0.32475954 0 0.062500045 -0.32475957 0 -0.062499955 -0.32475954 0 0.18750003 0.10825319 0 0.4375
		 0.11662662 0 0.70200318 0.22487979 0 0.51450318 0.1124399 0 0.56975162 0.13052626 0 0.99144483
		 0.24603617 0 0.80996609 0.12301811 0 0.84248304 0.38268349 0 0.92387944 0.48325324 0 0.71201897
		 0.3498798 0 0.60600948 0.36464471 0 0.76099253 0.44975954 0 0.40400627 0.32475954 0 0.31249994
		 0.33731967 0 0.45925471 0.60876155 0 0.79335332 0.70343316 0 0.55555648 0.58313298 0 0.48100942
		 0.5933432 0 0.63378769 0.79335338 0 0.60876131 0.9238795 0 0.38268331 0.83284271 0 0.33141258
		 0.80970442 0 0.46748292 0.99144489 0 0.13052605 0.85825318 0 0.062499866 0.70813298 0 0.26450306
		 0.84554791 0 0.19695622 0.57475954 0 0.18749991 0.57894623 0 0.33425468 0.99144483 0 -0.13052635
		 0.82446921 0 -0.19190967 0.69975948 0 -1.2293458e-07 0.84136122 0 -0.06470491 0.92387944 0 -0.3826836
		 0.75777215 0 -0.43750015 0.66626585 0 -0.25000012 0.79112071 0 -0.31470492 0.54126579 0 -0.31250012
		 0.43301266 0 -0.12500009 0.55801266 0 -0.062500104 0.54963923 0 -0.1875001 0.43301269 0 0.12499993
		 0.5663861 0 0.062499899 0.32475948 0 -0.18750006 0.21650632 0 -4.4703484e-08 0.32475948 0 0.062499937
		 0.32475951 0 -0.062500075 0.10825314 0 -0.062500022 0.10825316 0 0.18749997 0.10825315 0 0.062499978;
	setAttr ".vt[166:216]" 0.21650635 0 0.24999997 0.10825317 0 0.3125 0.32475951 0 0.18749994
		 0.32475945 0 -0.31250006 0.54963917 0 -0.45200327 0.33313283 0 -0.45200324 0.43719932 0 -0.38225168
		 0.79335326 0 -0.60876155 0.57843304 0 -0.61805665 0.66810262 0 -0.52777845 0.60876131 0 -0.79335344
		 0.37499985 0 -0.77451909 0.34987962 0 -0.6060096 0.47671646 0 -0.69628793 0.12499989 0 -0.59150636
		 0.10825309 0 -0.43750003 0.22906637 0 -0.5217548 0.38268325 0 -0.92387956 0.12940937 0 -0.88696933
		 0.12499987 0 -0.74551272 0.25220463 0 -0.83074421 0.13052602 0 -0.99144489 -0.13052633 0 -0.99144483
		 -0.12940966 0 -0.88696927 -1.5234369e-07 0 -0.93496615 -0.38268358 0 -0.92387944
		 -0.37500012 0 -0.77451897 -0.1250001 0 -0.74551272 -0.2522049 0 -0.83074415 -0.12500009 0 -0.59150636
		 -1.1136549e-07 0 -0.66850954 -0.60876155 0 -0.79335326 -0.57843328 0 -0.61805654
		 -0.34987986 0 -0.60600948 -0.4767167 0 -0.69628769 -0.79335344 0 -0.60876131 -0.5496394 0 -0.45200312
		 -0.66810286 0 -0.52777821 -0.3247596 0 -0.31249994 -0.33313304 0 -0.45200312 -0.4371995 0 -0.38225156
		 -0.10825326 0 -0.4375 -0.22906655 0 -0.52175474 -0.10825323 0 -0.18749999 -0.10825324 0 -0.3125
		 -0.21650641 0 -0.24999997 0.10825312 0 -0.18750003 -4.4310266e-08 0 -0.125 0.10825311 0 -0.31250003
		 0.21650629 0 -0.25000006 -7.4112592e-08 0 -0.375;
	setAttr -s 408 ".ed";
	setAttr ".ed[0:165]"  64 22 1 22 61 1 61 65 1 65 64 1 61 10 1 10 62 1 62 65 1
		 62 19 1 19 63 1 63 65 1 63 23 1 23 64 1 19 66 1 66 69 1 69 63 1 66 5 1 5 67 0 67 69 1
		 67 20 0 20 68 1 68 69 1 68 23 1 20 70 0 70 73 1 73 68 1 70 7 0 7 71 1 71 73 1 71 21 1
		 21 72 1 72 73 1 72 23 1 21 74 1 74 76 1 76 72 1 74 11 1 11 75 1 75 76 1 75 22 1 64 76 1
		 79 21 1 71 80 1 80 79 1 7 77 0 77 80 1 77 24 0 24 78 1 78 80 1 78 27 1 27 79 1 24 81 0
		 81 84 1 84 78 1 81 0 0 0 82 0 82 84 1 82 25 0 25 83 1 83 84 1 83 27 1 25 85 0 85 88 1
		 88 83 1 85 8 0 8 86 1 86 88 1 86 26 1 26 87 1 87 88 1 87 27 1 26 89 1 89 90 1 90 87 1
		 89 11 1 74 90 1 79 90 1 93 26 1 86 94 1 94 93 1 8 91 0 91 94 1 91 28 0 28 92 1 92 94 1
		 92 31 1 31 93 1 28 95 0 95 98 1 98 92 1 95 3 0 3 96 1 96 98 1 96 29 1 29 97 1 97 98 1
		 97 31 1 29 99 1 99 102 1 102 97 1 99 9 1 9 100 1 100 102 1 100 30 1 30 101 1 101 102 1
		 101 31 1 30 103 1 103 104 1 104 101 1 103 11 1 89 104 1 93 104 1 107 30 1 100 108 1
		 108 107 1 9 105 1 105 108 1 105 32 1 32 106 1 106 108 1 106 34 1 34 107 1 32 109 1
		 109 112 1 112 106 1 109 6 1 6 110 1 110 112 1 110 33 1 33 111 1 111 112 1 111 34 1
		 33 113 1 113 115 1 115 111 1 113 10 1 61 115 1 22 114 1 114 115 1 114 34 1 75 116 1
		 116 114 1 103 116 1 107 116 1 119 37 1 37 117 1 117 120 1 120 119 1 117 9 1 99 120 1
		 29 118 1 118 120 1 118 38 1 38 119 1 96 123 1 123 118 1 3 121 0 121 123 1 121 35 0
		 35 122 1 122 123 1 122 38 1 35 124 0 124 127 1 127 122 1 124 12 0;
	setAttr ".ed[166:331]" 12 125 1 125 127 1 125 36 1 36 126 1 126 127 1 126 38 1
		 36 128 1 128 130 1 130 126 1 128 15 1 15 129 1 129 130 1 129 37 1 119 130 1 133 36 1
		 125 134 1 134 133 1 12 131 0 131 134 1 131 39 0 39 132 1 132 134 1 132 42 1 42 133 1
		 39 135 0 135 138 1 138 132 1 135 1 0 1 136 0 136 138 1 136 40 0 40 137 1 137 138 1
		 137 42 1 40 139 0 139 142 1 142 137 1 139 13 0 13 140 1 140 142 1 140 41 1 41 141 1
		 141 142 1 141 42 1 41 143 1 143 144 1 144 141 1 143 15 1 128 144 1 133 144 1 147 41 1
		 140 148 1 148 147 1 13 145 0 145 148 1 145 43 0 43 146 1 146 148 1 146 46 1 46 147 1
		 43 149 0 149 152 1 152 146 1 149 4 0 4 150 1 150 152 1 150 44 1 44 151 1 151 152 1
		 151 46 1 44 153 1 153 156 1 156 151 1 153 14 1 14 154 1 154 156 1 154 45 1 45 155 1
		 155 156 1 155 46 1 45 157 1 157 158 1 158 155 1 157 15 1 143 158 1 147 158 1 161 45 1
		 154 162 1 162 161 1 14 159 1 159 162 1 159 47 1 47 160 1 160 162 1 160 48 1 48 161 1
		 47 163 1 163 165 1 165 160 1 163 6 1 109 165 1 32 164 1 164 165 1 164 48 1 105 167 1
		 167 164 1 117 167 1 37 166 1 166 167 1 166 48 1 129 168 1 168 166 1 157 168 1 161 168 1
		 171 51 1 51 169 1 169 172 1 172 171 1 169 14 1 153 172 1 44 170 1 170 172 1 170 52 1
		 52 171 1 150 175 1 175 170 1 4 173 0 173 175 1 173 49 0 49 174 1 174 175 1 174 52 1
		 49 176 0 176 179 1 179 174 1 176 16 0 16 177 1 177 179 1 177 50 1 50 178 1 178 179 1
		 178 52 1 50 180 1 180 182 1 182 178 1 180 18 1 18 181 1 181 182 1 181 51 1 171 182 1
		 185 50 1 177 186 1 186 185 1 16 183 0 183 186 1 183 53 0 53 184 1 184 186 1 184 56 1
		 56 185 1 53 187 0 187 190 1 190 184 1 187 2 0 2 188 0 188 190 1;
	setAttr ".ed[332:407]" 188 54 0 54 189 1 189 190 1 189 56 1 54 191 0 191 194 1
		 194 189 1 191 17 0 17 192 1 192 194 1 192 55 1 55 193 1 193 194 1 193 56 1 55 195 1
		 195 196 1 196 193 1 195 18 1 180 196 1 185 196 1 199 55 1 192 200 1 200 199 1 17 197 0
		 197 200 1 197 57 0 57 198 1 198 200 1 198 59 1 59 199 1 57 201 0 201 203 1 203 198 1
		 201 5 0 66 203 1 19 202 1 202 203 1 202 59 1 62 206 1 206 202 1 10 204 1 204 206 1
		 204 58 1 58 205 1 205 206 1 205 59 1 58 207 1 207 208 1 208 205 1 207 18 1 195 208 1
		 199 208 1 210 58 1 204 211 1 211 210 1 113 211 1 33 209 1 209 211 1 209 60 1 60 210 1
		 110 213 1 213 209 1 163 213 1 47 212 1 212 213 1 212 60 1 159 215 1 215 212 1 169 215 1
		 51 214 1 214 215 1 214 60 1 181 216 1 216 214 1 207 216 1 210 216 1;
	setAttr -s 192 -ch 768 ".fc[0:191]" -type "polyFaces" 
		f 4 0 1 2 3
		mu 0 4 64 22 61 65
		f 4 4 5 6 -3
		mu 0 4 61 10 62 65
		f 4 7 8 9 -7
		mu 0 4 62 19 63 65
		f 4 10 11 -4 -10
		mu 0 4 63 23 64 65
		f 4 -9 12 13 14
		mu 0 4 63 19 66 69
		f 4 15 16 17 -14
		mu 0 4 66 5 67 69
		f 4 18 19 20 -18
		mu 0 4 67 20 68 69
		f 4 21 -11 -15 -21
		mu 0 4 68 23 63 69
		f 4 -20 22 23 24
		mu 0 4 68 20 70 73
		f 4 25 26 27 -24
		mu 0 4 70 7 71 73
		f 4 28 29 30 -28
		mu 0 4 71 21 72 73
		f 4 31 -22 -25 -31
		mu 0 4 72 23 68 73
		f 4 -30 32 33 34
		mu 0 4 72 21 74 76
		f 4 35 36 37 -34
		mu 0 4 74 11 75 76
		f 4 38 -1 39 -38
		mu 0 4 75 22 64 76
		f 4 -12 -32 -35 -40
		mu 0 4 64 23 72 76
		f 4 40 -29 41 42
		mu 0 4 79 21 71 80
		f 4 -27 43 44 -42
		mu 0 4 71 7 77 80
		f 4 45 46 47 -45
		mu 0 4 77 24 78 80
		f 4 48 49 -43 -48
		mu 0 4 78 27 79 80
		f 4 -47 50 51 52
		mu 0 4 78 24 81 84
		f 4 53 54 55 -52
		mu 0 4 81 0 82 84
		f 4 56 57 58 -56
		mu 0 4 82 25 83 84
		f 4 59 -49 -53 -59
		mu 0 4 83 27 78 84
		f 4 -58 60 61 62
		mu 0 4 83 25 85 88
		f 4 63 64 65 -62
		mu 0 4 85 8 86 88
		f 4 66 67 68 -66
		mu 0 4 86 26 87 88
		f 4 69 -60 -63 -69
		mu 0 4 87 27 83 88
		f 4 -68 70 71 72
		mu 0 4 87 26 89 90
		f 4 73 -36 74 -72
		mu 0 4 89 11 74 90
		f 4 -33 -41 75 -75
		mu 0 4 74 21 79 90
		f 4 -50 -70 -73 -76
		mu 0 4 79 27 87 90
		f 4 76 -67 77 78
		mu 0 4 93 26 86 94
		f 4 -65 79 80 -78
		mu 0 4 86 8 91 94
		f 4 81 82 83 -81
		mu 0 4 91 28 92 94
		f 4 84 85 -79 -84
		mu 0 4 92 31 93 94
		f 4 -83 86 87 88
		mu 0 4 92 28 95 98
		f 4 89 90 91 -88
		mu 0 4 95 3 96 98
		f 4 92 93 94 -92
		mu 0 4 96 29 97 98
		f 4 95 -85 -89 -95
		mu 0 4 97 31 92 98
		f 4 -94 96 97 98
		mu 0 4 97 29 99 102
		f 4 99 100 101 -98
		mu 0 4 99 9 100 102
		f 4 102 103 104 -102
		mu 0 4 100 30 101 102
		f 4 105 -96 -99 -105
		mu 0 4 101 31 97 102
		f 4 -104 106 107 108
		mu 0 4 101 30 103 104
		f 4 109 -74 110 -108
		mu 0 4 103 11 89 104
		f 4 -71 -77 111 -111
		mu 0 4 89 26 93 104
		f 4 -86 -106 -109 -112
		mu 0 4 93 31 101 104
		f 4 112 -103 113 114
		mu 0 4 107 30 100 108
		f 4 -101 115 116 -114
		mu 0 4 100 9 105 108
		f 4 117 118 119 -117
		mu 0 4 105 32 106 108
		f 4 120 121 -115 -120
		mu 0 4 106 34 107 108
		f 4 -119 122 123 124
		mu 0 4 106 32 109 112
		f 4 125 126 127 -124
		mu 0 4 109 6 110 112
		f 4 128 129 130 -128
		mu 0 4 110 33 111 112
		f 4 131 -121 -125 -131
		mu 0 4 111 34 106 112
		f 4 -130 132 133 134
		mu 0 4 111 33 113 115
		f 4 135 -5 136 -134
		mu 0 4 113 10 61 115
		f 4 -2 137 138 -137
		mu 0 4 61 22 114 115
		f 4 139 -132 -135 -139
		mu 0 4 114 34 111 115
		f 4 -138 -39 140 141
		mu 0 4 114 22 75 116
		f 4 -37 -110 142 -141
		mu 0 4 75 11 103 116
		f 4 -107 -113 143 -143
		mu 0 4 103 30 107 116
		f 4 -122 -140 -142 -144
		mu 0 4 107 34 114 116
		f 4 144 145 146 147
		mu 0 4 119 37 117 120
		f 4 148 -100 149 -147
		mu 0 4 117 9 99 120
		f 4 -97 150 151 -150
		mu 0 4 99 29 118 120
		f 4 152 153 -148 -152
		mu 0 4 118 38 119 120
		f 4 -151 -93 154 155
		mu 0 4 118 29 96 123
		f 4 -91 156 157 -155
		mu 0 4 96 3 121 123
		f 4 158 159 160 -158
		mu 0 4 121 35 122 123
		f 4 161 -153 -156 -161
		mu 0 4 122 38 118 123
		f 4 -160 162 163 164
		mu 0 4 122 35 124 127
		f 4 165 166 167 -164
		mu 0 4 124 12 125 127
		f 4 168 169 170 -168
		mu 0 4 125 36 126 127
		f 4 171 -162 -165 -171
		mu 0 4 126 38 122 127
		f 4 -170 172 173 174
		mu 0 4 126 36 128 130
		f 4 175 176 177 -174
		mu 0 4 128 15 129 130
		f 4 178 -145 179 -178
		mu 0 4 129 37 119 130
		f 4 -154 -172 -175 -180
		mu 0 4 119 38 126 130
		f 4 180 -169 181 182
		mu 0 4 133 36 125 134
		f 4 -167 183 184 -182
		mu 0 4 125 12 131 134
		f 4 185 186 187 -185
		mu 0 4 131 39 132 134
		f 4 188 189 -183 -188
		mu 0 4 132 42 133 134
		f 4 -187 190 191 192
		mu 0 4 132 39 135 138
		f 4 193 194 195 -192
		mu 0 4 135 1 136 138
		f 4 196 197 198 -196
		mu 0 4 136 40 137 138
		f 4 199 -189 -193 -199
		mu 0 4 137 42 132 138
		f 4 -198 200 201 202
		mu 0 4 137 40 139 142
		f 4 203 204 205 -202
		mu 0 4 139 13 140 142
		f 4 206 207 208 -206
		mu 0 4 140 41 141 142
		f 4 209 -200 -203 -209
		mu 0 4 141 42 137 142
		f 4 -208 210 211 212
		mu 0 4 141 41 143 144
		f 4 213 -176 214 -212
		mu 0 4 143 15 128 144
		f 4 -173 -181 215 -215
		mu 0 4 128 36 133 144
		f 4 -190 -210 -213 -216
		mu 0 4 133 42 141 144
		f 4 216 -207 217 218
		mu 0 4 147 41 140 148
		f 4 -205 219 220 -218
		mu 0 4 140 13 145 148
		f 4 221 222 223 -221
		mu 0 4 145 43 146 148
		f 4 224 225 -219 -224
		mu 0 4 146 46 147 148
		f 4 -223 226 227 228
		mu 0 4 146 43 149 152
		f 4 229 230 231 -228
		mu 0 4 149 4 150 152
		f 4 232 233 234 -232
		mu 0 4 150 44 151 152
		f 4 235 -225 -229 -235
		mu 0 4 151 46 146 152
		f 4 -234 236 237 238
		mu 0 4 151 44 153 156
		f 4 239 240 241 -238
		mu 0 4 153 14 154 156
		f 4 242 243 244 -242
		mu 0 4 154 45 155 156
		f 4 245 -236 -239 -245
		mu 0 4 155 46 151 156
		f 4 -244 246 247 248
		mu 0 4 155 45 157 158
		f 4 249 -214 250 -248
		mu 0 4 157 15 143 158
		f 4 -211 -217 251 -251
		mu 0 4 143 41 147 158
		f 4 -226 -246 -249 -252
		mu 0 4 147 46 155 158
		f 4 252 -243 253 254
		mu 0 4 161 45 154 162
		f 4 -241 255 256 -254
		mu 0 4 154 14 159 162
		f 4 257 258 259 -257
		mu 0 4 159 47 160 162
		f 4 260 261 -255 -260
		mu 0 4 160 48 161 162
		f 4 -259 262 263 264
		mu 0 4 160 47 163 165
		f 4 265 -126 266 -264
		mu 0 4 163 6 109 165
		f 4 -123 267 268 -267
		mu 0 4 109 32 164 165
		f 4 269 -261 -265 -269
		mu 0 4 164 48 160 165
		f 4 -268 -118 270 271
		mu 0 4 164 32 105 167
		f 4 -116 -149 272 -271
		mu 0 4 105 9 117 167
		f 4 -146 273 274 -273
		mu 0 4 117 37 166 167
		f 4 275 -270 -272 -275
		mu 0 4 166 48 164 167
		f 4 -274 -179 276 277
		mu 0 4 166 37 129 168
		f 4 -177 -250 278 -277
		mu 0 4 129 15 157 168
		f 4 -247 -253 279 -279
		mu 0 4 157 45 161 168
		f 4 -262 -276 -278 -280
		mu 0 4 161 48 166 168
		f 4 280 281 282 283
		mu 0 4 171 51 169 172
		f 4 284 -240 285 -283
		mu 0 4 169 14 153 172
		f 4 -237 286 287 -286
		mu 0 4 153 44 170 172
		f 4 288 289 -284 -288
		mu 0 4 170 52 171 172
		f 4 -287 -233 290 291
		mu 0 4 170 44 150 175
		f 4 -231 292 293 -291
		mu 0 4 150 4 173 175
		f 4 294 295 296 -294
		mu 0 4 173 49 174 175
		f 4 297 -289 -292 -297
		mu 0 4 174 52 170 175
		f 4 -296 298 299 300
		mu 0 4 174 49 176 179
		f 4 301 302 303 -300
		mu 0 4 176 16 177 179
		f 4 304 305 306 -304
		mu 0 4 177 50 178 179
		f 4 307 -298 -301 -307
		mu 0 4 178 52 174 179
		f 4 -306 308 309 310
		mu 0 4 178 50 180 182
		f 4 311 312 313 -310
		mu 0 4 180 18 181 182
		f 4 314 -281 315 -314
		mu 0 4 181 51 171 182
		f 4 -290 -308 -311 -316
		mu 0 4 171 52 178 182
		f 4 316 -305 317 318
		mu 0 4 185 50 177 186
		f 4 -303 319 320 -318
		mu 0 4 177 16 183 186
		f 4 321 322 323 -321
		mu 0 4 183 53 184 186
		f 4 324 325 -319 -324
		mu 0 4 184 56 185 186
		f 4 -323 326 327 328
		mu 0 4 184 53 187 190
		f 4 329 330 331 -328
		mu 0 4 187 2 188 190
		f 4 332 333 334 -332
		mu 0 4 188 54 189 190
		f 4 335 -325 -329 -335
		mu 0 4 189 56 184 190
		f 4 -334 336 337 338
		mu 0 4 189 54 191 194
		f 4 339 340 341 -338
		mu 0 4 191 17 192 194
		f 4 342 343 344 -342
		mu 0 4 192 55 193 194
		f 4 345 -336 -339 -345
		mu 0 4 193 56 189 194
		f 4 -344 346 347 348
		mu 0 4 193 55 195 196
		f 4 349 -312 350 -348
		mu 0 4 195 18 180 196
		f 4 -309 -317 351 -351
		mu 0 4 180 50 185 196
		f 4 -326 -346 -349 -352
		mu 0 4 185 56 193 196
		f 4 352 -343 353 354
		mu 0 4 199 55 192 200
		f 4 -341 355 356 -354
		mu 0 4 192 17 197 200
		f 4 357 358 359 -357
		mu 0 4 197 57 198 200
		f 4 360 361 -355 -360
		mu 0 4 198 59 199 200
		f 4 -359 362 363 364
		mu 0 4 198 57 201 203
		f 4 365 -16 366 -364
		mu 0 4 201 5 66 203
		f 4 -13 367 368 -367
		mu 0 4 66 19 202 203
		f 4 369 -361 -365 -369
		mu 0 4 202 59 198 203
		f 4 -368 -8 370 371
		mu 0 4 202 19 62 206
		f 4 -6 372 373 -371
		mu 0 4 62 10 204 206
		f 4 374 375 376 -374
		mu 0 4 204 58 205 206
		f 4 377 -370 -372 -377
		mu 0 4 205 59 202 206
		f 4 -376 378 379 380
		mu 0 4 205 58 207 208
		f 4 381 -350 382 -380
		mu 0 4 207 18 195 208
		f 4 -347 -353 383 -383
		mu 0 4 195 55 199 208
		f 4 -362 -378 -381 -384
		mu 0 4 199 59 205 208
		f 4 384 -375 385 386
		mu 0 4 210 58 204 211
		f 4 -373 -136 387 -386
		mu 0 4 204 10 113 211
		f 4 -133 388 389 -388
		mu 0 4 113 33 209 211
		f 4 390 391 -387 -390
		mu 0 4 209 60 210 211
		f 4 -389 -129 392 393
		mu 0 4 209 33 110 213
		f 4 -127 -266 394 -393
		mu 0 4 110 6 163 213
		f 4 -263 395 396 -395
		mu 0 4 163 47 212 213
		f 4 397 -391 -394 -397
		mu 0 4 212 60 209 213
		f 4 -396 -258 398 399
		mu 0 4 212 47 159 215
		f 4 -256 -285 400 -399
		mu 0 4 159 14 169 215
		f 4 -282 401 402 -401
		mu 0 4 169 51 214 215
		f 4 403 -398 -400 -403
		mu 0 4 214 60 212 215
		f 4 -402 -315 404 405
		mu 0 4 214 51 181 216
		f 4 -313 -382 406 -405
		mu 0 4 181 18 207 216
		f 4 -379 -385 407 -407
		mu 0 4 207 58 210 216
		f 4 -392 -404 -406 -408
		mu 0 4 210 60 214 216;
	setAttr ".cd" -type "dataPolyComponent" Index_Data Edge 0 ;
	setAttr ".cvd" -type "dataPolyComponent" Index_Data Vertex 0 ;
	setAttr ".pd[0]" -type "dataPolyComponent" Index_Data UV 0 ;
	setAttr ".hfd" -type "dataPolyComponent" Index_Data Face 0 ;
createNode mesh -n "outputCloth2" -p "pDisc3";
	rename -uid "6CF1C239-4AA5-F5E7-B69D-3EB03831B51E";
	setAttr -k off ".v";
	setAttr ".vir" yes;
	setAttr ".vif" yes;
	setAttr ".uvst[0].uvsn" -type "string" "map1";
	setAttr -s 217 ".uvst[0].uvsp[0:216]" -type "float2" 0.066987306 0.24999997
		 0.93301272 0.25000006 0.49999991 1 0.5 0 0.93301266 0.75000012 0.066987246 0.74999994
		 0.49999997 0.5 0 0.49999994 0.25 0.066987276 0.5 0.25 0.28349364 0.625 0.28349364
		 0.37499997 0.75000006 0.066987306 1 0.50000006 0.7165063 0.62500006 0.71650636 0.37500003
		 0.74999988 0.93301272 0.24999994 0.93301266 0.49999997 0.75 0.17524043 0.6875 0.017037064
		 0.62940949 0.14174682 0.43749997 0.28349364 0.49999997 0.15849361 0.56249994 0.017037094
		 0.37059045 0.14644662 0.14644659 0.26674682 0.22099364 0.15012023 0.29799679 0.37059051
		 0.017037064 0.5 0.125 0.39174682 0.3125 0.38337344 0.17299682 0.5 0.375 0.39174682
		 0.5625 0.39174682 0.4375 0.62940955 0.017037064 0.73325318 0.2209937 0.60825318 0.3125
		 0.61662662 0.17299682 0.85355341 0.14644665 0.98296297 0.37059054 0.85825318 0.43750006
		 0.84987974 0.29799688 0.98296291 0.62940961 0.82475948 0.68750006 0.71650636 0.50000006
		 0.84150636 0.56250006 0.60825312 0.5625 0.60825318 0.43750003 0.85355335 0.85355347
		 0.62499994 0.84150636 0.60825312 0.6875 0.72487968 0.76450324 0.62940943 0.98296297
		 0.37059039 0.98296291 0.37499994 0.84150636 0.49999994 0.90400636 0.14644653 0.85355335
		 0.39174679 0.6875 0.2751202 0.76450312 0.49999997 0.625 0.28349364 0.5625 0.22936702
		 0.65625 0.16686702 0.625 0.22099364 0.53124994 0.22518033 0.59375 0.12111384 0.71875
		 0.038060248 0.69134164 0.087765336 0.59595472 0.10443959 0.65735233 0.0042775869
		 0.56526303 0.07087341 0.46874994 0.1501202 0.49999997 0.079319388 0.53235233 0.21262023
		 0.40624997 0.28349364 0.43749997 0.21680692 0.46874997 0.0042775869 0.43473685 0.083578646
		 0.3342936 0.14593351 0.36774838 0.077226043 0.4015218 0.038060278 0.30865824 0.10332334
		 0.19561929 0.14828342 0.22222167 0.095147818 0.26625845 0.19561931 0.10332331 0.25837341
		 0.14399046 0.20843351 0.2594952 0.20332843 0.18310606 0.27512023 0.29799682 0.21052688
		 0.3328726 0.3086583 0.038060248 0.37698197 0.095016956 0.32506013 0.19699523 0.31767768
		 0.11950368 0.43473694 0.0042775869 0.5 0.0625 0.44168672 0.14899841 0.43849099 0.078758478
		 0.5 0.1875 0.44587341 0.28125 0.38756013 0.24274841 0.44378006 0.21512419 0.33762023
		 0.34374997 0.33134019 0.2703726 0.5 0.3125 0.44587341 0.40625 0.39174682 0.375 0.44587341
		 0.34375 0.5 0.4375 0.44587338 0.53125 0.39174682 0.5 0.44587341 0.46875 0.3376202
		 0.59375 0.33762023 0.46874997 0.3376202 0.53125 0.33762023 0.40625 0.55412662 0.28125
		 0.55831331 0.14899841 0.61243987 0.24274841 0.55621994 0.21512419 0.56526315 0.0042775869
		 0.62301809 0.095016956 0.56150907 0.078758478 0.69134176 0.038060278 0.74162662 0.14399052
		 0.67493987 0.19699526 0.68232238 0.11950374 0.72487974 0.29799688 0.66237974 0.34375003
		 0.66865981 0.27037263 0.80438077 0.10332334 0.85171658 0.22222176 0.79156649 0.25949529
		 0.79667163 0.18310615 0.89667666 0.19561934 0.96193975 0.30865836 0.91642135 0.33429372
		 0.90485221 0.26625854 0.99572241 0.43473697 0.92912662 0.46875006 0.85406649 0.36774847
		 0.92277396 0.40152189 0.78737974 0.40625006 0.78947312 0.33287266 0.99572241 0.56526315
		 0.9122346 0.59595484 0.84987974 0.50000006 0.92068064 0.53235245 0.96193969 0.69134182
		 0.8788861 0.71875006 0.83313292 0.62500006 0.89556038 0.65735245 0.77063286 0.65625006
		 0.71650636 0.56250006 0.77900636 0.53125006 0.77481961 0.59375006 0.71650636 0.43750003
		 0.78319305 0.46875006 0.66237974 0.59375 0.60825318 0.5 0.66237974 0.46875003 0.66237974
		 0.53125006 0.55412656 0.53125 0.55412656 0.40625 0.55412656 0.46875 0.60825318 0.375
		 0.55412656 0.34375 0.66237974 0.40625003 0.66237974 0.65625 0.77481961 0.72600162
		 0.66656643 0.72600162 0.71859968 0.69112587 0.89667666 0.80438077 0.78921652 0.80902833
		 0.83405131 0.76388919 0.80438066 0.89667672 0.68749994 0.88725954 0.67493981 0.8030048
		 0.73835826 0.84814394 0.56249994 0.79575318 0.55412656 0.71875 0.61453319 0.76087737
		 0.69134164 0.96193981 0.56470466 0.94348466 0.56249994 0.87275636 0.62610233 0.91537213
		 0.56526303 0.99572241 0.43473685 0.99572241 0.43529516 0.94348466 0.49999991 0.96748304
		 0.30865821 0.96193969 0.31249994 0.88725948 0.43749994 0.87275636 0.37389755 0.91537207
		 0.43749994 0.79575318 0.49999994 0.83425474 0.19561923 0.89667666 0.21078336 0.80902827
		 0.32506007 0.80300474 0.26164165 0.84814382 0.10332328 0.80438066 0.2251803 0.72600156
		 0.16594857 0.76388907 0.3376202 0.65625 0.33343348 0.72600156 0.28140026 0.69112575
		 0.44587338 0.71875 0.38546672 0.76087737 0.44587338 0.59375 0.44587338 0.65625 0.39174679
		 0.625 0.55412656 0.59375 0.49999997 0.5625 0.55412656 0.65625 0.60825312 0.625 0.49999997
		 0.6875;
	setAttr ".cuvs" -type "string" "map1";
	setAttr ".dcc" -type "string" "Ambient+Diffuse";
	setAttr ".covm[0]"  0 1 1;
	setAttr ".cdvm[0]"  0 1 1;
	setAttr -s 217 ".vt";
	setAttr ".vt[0:165]"  -0.77643639 -1.2429496 0.56328869 0.70366019 -1.88683486 0.57108778
		 0.095941477 -0.69967818 -0.90814823 0.096720703 -1.88683486 0.97839117 0.82775408 -1.78804386 -0.41263497
		 -0.76183522 -0.94122887 -0.4107393 0.087590463 -0.74656653 0.095178038 -0.90356463 -0.99969816 0.083002478
		 -0.40186992 -1.86869895 0.84036595 0.081550166 -1.096008897 0.57721639 -0.3431527 -0.70087349 -0.15699223
		 -0.34753877 -0.88632083 0.34022176 0.55006593 -1.4111445 0.94457757 0.92756367 -1.88683486 0.099727482
		 0.50329304 -1.034934998 -0.15888223 0.51292729 -1.031250954 0.33800417 0.57781363 -1.01087153 -0.76977867
		 -0.4052631 -0.71282446 -0.77523273 0.092212841 -0.68992817 -0.40646097 -0.55798835 -0.74402976 -0.28410017
		 -0.85727215 -1.037752271 -0.17192654 -0.62997228 -0.84015167 0.21631274 -0.34580541 -0.7290802 0.094540805
		 -0.59390539 -0.77088439 -0.033580158 -0.87724113 -0.98503077 0.34286261 -0.61289299 -1.62855828 0.71182966
		 -0.37871706 -1.27200377 0.61673057 -0.61190099 -1.074529052 0.48407432 -0.1624703 -1.88683486 0.94617242
		 0.088096865 -1.51333761 0.77554822 -0.1329495 -0.98636246 0.45883271 -0.14575048 -1.39897561 0.69479614
		 0.084295295 -0.85510015 0.34235209 -0.12758458 -0.69889271 -0.03068809 -0.13115326 -0.76828635 0.21999654
		 0.35388491 -1.83394277 0.9433552 0.54217482 -1.13649106 0.64582425 0.29908034 -0.95057201 0.46607256
		 0.30839422 -1.21826649 0.72487938 0.50183499 -1.82411504 0.73508579 0.85403287 -1.88683486 0.35552013
		 0.66407979 -1.62890851 0.19914328 0.59803629 -1.6617018 0.45855311 0.91316515 -1.88683486 -0.16580813
		 0.67920822 -1.36605322 -0.28579736 0.50356412 -1.061976075 0.088764578 0.67304164 -1.50626898 -0.041153636
		 0.30244449 -0.81597841 -0.03049919 0.30106136 -0.87302077 0.21820769 0.74024886 -1.38437736 -0.61404681
		 0.34236705 -0.77150738 -0.58806729 0.30564851 -0.78137958 -0.28041092 0.52797568 -0.98590362 -0.43452761
		 0.35350072 -0.76138937 -0.87072146 -0.1631625 -0.70004094 -0.87483215 -0.15644331 -0.70001054 -0.5910995
		 0.094812788 -0.68814874 -0.71547467 -0.61093628 -0.79602432 -0.61684632 -0.12542866 -0.69922793 -0.28177205
		 -0.35764909 -0.69300687 -0.43697131 0.090403713 -0.70126843 -0.15560381 -0.34432769 -0.71137154 -0.03137755
		 -0.45067903 -0.71798658 -0.22070351 -0.57538652 -0.76223612 -0.15881833 -0.47055191 -0.74150062 0.030554503
		 -0.4608292 -0.7177155 -0.09488456 -0.66086489 -0.83505249 -0.34764215 -0.81472373 -1.0094338655 -0.29427168
		 -0.72950292 -0.8738395 -0.10323665 -0.6956867 -0.84606361 -0.22515707 -0.884781 -1.052978396 -0.044996742
		 -0.76829839 -0.90246928 0.14984193 -0.61152714 -0.80335176 0.090995401 -0.74897361 -0.87640119 0.02343367
		 -0.48853168 -0.86256123 0.27819154 -0.34690669 -0.79362214 0.21773531 -0.48014578 -0.77115273 0.1557688
		 -0.89778972 -1.015069366 0.21295941 -0.74470401 -1.011809349 0.4159385 -0.62065607 -0.94954658 0.35095704
		 -0.7573483 -0.92658579 0.28425047 -0.83534104 -1.08102107 0.46142942 -0.70104259 -1.45027268 0.64021277
		 -0.61299145 -1.33003771 0.60526037 -0.72067702 -1.17228103 0.54030645 -0.5127638 -1.76031899 0.78252608
		 -0.39017296 -1.58950937 0.72219914 -0.49501994 -1.18252122 0.54864252 -0.50270522 -1.44284081 0.67012012
		 -0.36370528 -1.05635643 0.48206273 -0.49260056 -0.98620713 0.41903701 -0.28586373 -1.88683486 0.90188372
		 -0.15224297 -1.70882118 0.80433482 -0.26236126 -1.34131241 0.65425903 -0.27087256 -1.65790498 0.76048774
		 -0.034037925 -1.88683486 0.9717325 0.09417358 -1.75852382 0.8632344 -0.028368816 -1.46725535 0.73189688
		 -0.028932085 -1.74283874 0.83171344 0.082839832 -1.27677739 0.68430525 -0.025460213 -1.049747944 0.51671195
		 -0.14106368 -1.15831125 0.5847165 -0.029333254 -1.21062124 0.63628089 -0.23999338 -0.93521929 0.39889327
		 -0.25299159 -1.089990973 0.53720403 0.082499743 -0.9697547 0.46115339 -0.022811038 -0.81595719 0.28060502
		 -0.13208711 -0.86584663 0.34078547 -0.024669558 -0.91121292 0.40134007 0.086202949 -0.79088056 0.21955581
		 -0.020224918 -0.71392739 0.032499228 -0.12938374 -0.72497356 0.095354445 -0.021569991 -0.74459255 0.15799868
		 -0.23548955 -0.70170486 -0.09386529 -0.2385667 -0.75218189 0.1569342 -0.2373302 -0.70872843 0.03252212
		 -0.23935546 -0.81549811 0.28059497 0.18955676 -1.010626674 0.52319956 0.20036839 -1.38744152 0.74486691
		 0.30458322 -1.059383988 0.59879047 0.19173837 -1.14609265 0.6455192 0.22703126 -1.88683486 0.96599829
		 0.33330563 -1.55363286 0.825827 0.21601999 -1.67893374 0.83641303 0.43379128 -1.55670142 0.97097152
		 0.54751056 -1.26280785 0.79701781 0.42558673 -1.1232543 0.6905697 0.4292751 -1.31318474 0.83255243
		 0.52815336 -1.074708581 0.49131203 0.40721062 -0.97126043 0.40262571 0.41889185 -1.0033570528 0.5502063
		 0.52029049 -1.64178526 0.84687728 0.55070478 -1.73702085 0.59599417 0.60212505 -1.39162469 0.55853039
		 0.56851882 -1.50887561 0.70102346 0.60798591 -1.88683486 0.65996444 0.78800434 -1.88683486 0.47071418
		 0.71219307 -1.88683486 0.40230605 0.65749407 -1.88683486 0.52716362 0.9019804 -1.88683486 0.23069137
		 0.78141308 -1.86848438 0.1448101 0.63750881 -1.63920498 0.33035448 0.74759007 -1.88683486 0.27328876
		 0.62552464 -1.25974333 0.27121472 0.6231063 -1.30446374 0.41628116 0.93188137 -1.88683486 -0.033875581
		 0.77500188 -1.77977896 -0.10709412 0.67366427 -1.55984569 0.080199279 0.7777434 -1.83378613 0.018789776
		 0.87706459 -1.86412001 -0.29288721 0.74193484 -1.60572839 -0.35161144 0.6745593 -1.44522929 -0.16409484
		 0.75287122 -1.71130431 -0.23029284 0.59863782 -1.16925251 -0.22303012 0.50072366 -1.065075755 -0.035333231
		 0.61627054 -1.19983447 0.023867009 0.60868239 -1.18002605 -0.099646509 0.50593656 -1.056969881 0.21304175
		 0.62392646 -1.22034538 0.14795291 0.40346774 -0.92475939 -0.094905242 0.3007741 -0.85024047 0.093442746
		 0.40221345 -0.96576428 0.15295765 0.40305051 -0.94050324 0.029138558 0.19527638 -0.77156866 0.032377414
		 0.19321367 -0.84867811 0.28083071 0.19525319 -0.78855419 0.15794511;
	setAttr ".vt[166:216]" 0.29960915 -0.9192766 0.34174055 0.1916717 -0.8997798 0.40473953
		 0.40413779 -0.9780345 0.27802974 0.40558216 -0.90054393 -0.21918474 0.60527837 -1.17082572 -0.36022937
		 0.4168447 -0.8815254 -0.35782316 0.51381552 -0.99656641 -0.28908649 0.78771901 -1.60535038 -0.51985359
		 0.63511336 -1.18503773 -0.52436972 0.70022452 -1.362293 -0.43618676 0.66503042 -1.20177007 -0.69904774
		 0.46103281 -0.88656259 -0.67891872 0.43461931 -0.88325441 -0.51118237 0.55345738 -1.0074108839 -0.601129
		 0.21701346 -0.72925901 -0.49761039 0.19918498 -0.72973883 -0.34308016 0.32013148 -0.77711332 -0.42716548
		 0.46991858 -0.88497913 -0.82811135 0.2241839 -0.71898603 -0.7933327 0.21854967 -0.72206914 -0.65161455
		 0.3461152 -0.76212704 -0.73570478 0.22626896 -0.72074282 -0.89781749 -0.034654111 -0.6987983 -0.89997041
		 -0.034359634 -0.6986264 -0.79538053 0.095588408 -0.68562376 -0.84296352 -0.28755379 -0.70380604 -0.83281493
		 -0.28066951 -0.7018683 -0.6832521 -0.030983457 -0.69977283 -0.65338677 -0.15739435 -0.69531333 -0.73932612
		 -0.032465979 -0.69995785 -0.49899453 0.094054781 -0.68838131 -0.57588637 -0.51336151 -0.75681555 -0.70271456
		 -0.4846167 -0.7338115 -0.52727157 -0.25698388 -0.6998229 -0.51404154 -0.38333058 -0.6967262 -0.60516798
		 -0.69196433 -0.88517129 -0.51882052 -0.45757586 -0.71877897 -0.36040282 -0.57465088 -0.76127827 -0.43706617
		 -0.23419611 -0.69907498 -0.21898462 -0.24149652 -0.69973636 -0.35982019 -0.34632117 -0.69645631 -0.29001451
		 -0.016755365 -0.70033062 -0.344219 -0.1369319 -0.69988918 -0.42959294 -0.018993922 -0.70459676 -0.092594288
		 -0.017874686 -0.70141494 -0.21911754 -0.12649627 -0.69874549 -0.15584247 0.19668631 -0.75067806 -0.092663422
		 0.08910872 -0.71381795 -0.029874757 0.19766665 -0.74197876 -0.21809304 0.30418479 -0.79666495 -0.15550634
		 0.091133974 -0.69691646 -0.28070796;
	setAttr -s 408 ".ed";
	setAttr ".ed[0:165]"  64 22 1 22 61 1 61 65 1 65 64 1 61 10 1 10 62 1 62 65 1
		 62 19 1 19 63 1 63 65 1 63 23 1 23 64 1 19 66 1 66 69 1 69 63 1 66 5 1 5 67 0 67 69 1
		 67 20 0 20 68 1 68 69 1 68 23 1 20 70 0 70 73 1 73 68 1 70 7 0 7 71 1 71 73 1 71 21 1
		 21 72 1 72 73 1 72 23 1 21 74 1 74 76 1 76 72 1 74 11 1 11 75 1 75 76 1 75 22 1 64 76 1
		 79 21 1 71 80 1 80 79 1 7 77 0 77 80 1 77 24 0 24 78 1 78 80 1 78 27 1 27 79 1 24 81 0
		 81 84 1 84 78 1 81 0 0 0 82 0 82 84 1 82 25 0 25 83 1 83 84 1 83 27 1 25 85 0 85 88 1
		 88 83 1 85 8 0 8 86 1 86 88 1 86 26 1 26 87 1 87 88 1 87 27 1 26 89 1 89 90 1 90 87 1
		 89 11 1 74 90 1 79 90 1 93 26 1 86 94 1 94 93 1 8 91 0 91 94 1 91 28 0 28 92 1 92 94 1
		 92 31 1 31 93 1 28 95 0 95 98 1 98 92 1 95 3 0 3 96 1 96 98 1 96 29 1 29 97 1 97 98 1
		 97 31 1 29 99 1 99 102 1 102 97 1 99 9 1 9 100 1 100 102 1 100 30 1 30 101 1 101 102 1
		 101 31 1 30 103 1 103 104 1 104 101 1 103 11 1 89 104 1 93 104 1 107 30 1 100 108 1
		 108 107 1 9 105 1 105 108 1 105 32 1 32 106 1 106 108 1 106 34 1 34 107 1 32 109 1
		 109 112 1 112 106 1 109 6 1 6 110 1 110 112 1 110 33 1 33 111 1 111 112 1 111 34 1
		 33 113 1 113 115 1 115 111 1 113 10 1 61 115 1 22 114 1 114 115 1 114 34 1 75 116 1
		 116 114 1 103 116 1 107 116 1 119 37 1 37 117 1 117 120 1 120 119 1 117 9 1 99 120 1
		 29 118 1 118 120 1 118 38 1 38 119 1 96 123 1 123 118 1 3 121 0 121 123 1 121 35 0
		 35 122 1 122 123 1 122 38 1 35 124 0 124 127 1 127 122 1 124 12 0;
	setAttr ".ed[166:331]" 12 125 1 125 127 1 125 36 1 36 126 1 126 127 1 126 38 1
		 36 128 1 128 130 1 130 126 1 128 15 1 15 129 1 129 130 1 129 37 1 119 130 1 133 36 1
		 125 134 1 134 133 1 12 131 0 131 134 1 131 39 0 39 132 1 132 134 1 132 42 1 42 133 1
		 39 135 0 135 138 1 138 132 1 135 1 0 1 136 0 136 138 1 136 40 0 40 137 1 137 138 1
		 137 42 1 40 139 0 139 142 1 142 137 1 139 13 0 13 140 1 140 142 1 140 41 1 41 141 1
		 141 142 1 141 42 1 41 143 1 143 144 1 144 141 1 143 15 1 128 144 1 133 144 1 147 41 1
		 140 148 1 148 147 1 13 145 0 145 148 1 145 43 0 43 146 1 146 148 1 146 46 1 46 147 1
		 43 149 0 149 152 1 152 146 1 149 4 0 4 150 1 150 152 1 150 44 1 44 151 1 151 152 1
		 151 46 1 44 153 1 153 156 1 156 151 1 153 14 1 14 154 1 154 156 1 154 45 1 45 155 1
		 155 156 1 155 46 1 45 157 1 157 158 1 158 155 1 157 15 1 143 158 1 147 158 1 161 45 1
		 154 162 1 162 161 1 14 159 1 159 162 1 159 47 1 47 160 1 160 162 1 160 48 1 48 161 1
		 47 163 1 163 165 1 165 160 1 163 6 1 109 165 1 32 164 1 164 165 1 164 48 1 105 167 1
		 167 164 1 117 167 1 37 166 1 166 167 1 166 48 1 129 168 1 168 166 1 157 168 1 161 168 1
		 171 51 1 51 169 1 169 172 1 172 171 1 169 14 1 153 172 1 44 170 1 170 172 1 170 52 1
		 52 171 1 150 175 1 175 170 1 4 173 0 173 175 1 173 49 0 49 174 1 174 175 1 174 52 1
		 49 176 0 176 179 1 179 174 1 176 16 0 16 177 1 177 179 1 177 50 1 50 178 1 178 179 1
		 178 52 1 50 180 1 180 182 1 182 178 1 180 18 1 18 181 1 181 182 1 181 51 1 171 182 1
		 185 50 1 177 186 1 186 185 1 16 183 0 183 186 1 183 53 0 53 184 1 184 186 1 184 56 1
		 56 185 1 53 187 0 187 190 1 190 184 1 187 2 0 2 188 0 188 190 1;
	setAttr ".ed[332:407]" 188 54 0 54 189 1 189 190 1 189 56 1 54 191 0 191 194 1
		 194 189 1 191 17 0 17 192 1 192 194 1 192 55 1 55 193 1 193 194 1 193 56 1 55 195 1
		 195 196 1 196 193 1 195 18 1 180 196 1 185 196 1 199 55 1 192 200 1 200 199 1 17 197 0
		 197 200 1 197 57 0 57 198 1 198 200 1 198 59 1 59 199 1 57 201 0 201 203 1 203 198 1
		 201 5 0 66 203 1 19 202 1 202 203 1 202 59 1 62 206 1 206 202 1 10 204 1 204 206 1
		 204 58 1 58 205 1 205 206 1 205 59 1 58 207 1 207 208 1 208 205 1 207 18 1 195 208 1
		 199 208 1 210 58 1 204 211 1 211 210 1 113 211 1 33 209 1 209 211 1 209 60 1 60 210 1
		 110 213 1 213 209 1 163 213 1 47 212 1 212 213 1 212 60 1 159 215 1 215 212 1 169 215 1
		 51 214 1 214 215 1 214 60 1 181 216 1 216 214 1 207 216 1 210 216 1;
	setAttr -s 192 -ch 768 ".fc[0:191]" -type "polyFaces" 
		f 4 0 1 2 3
		mu 0 4 64 22 61 65
		f 4 4 5 6 -3
		mu 0 4 61 10 62 65
		f 4 7 8 9 -7
		mu 0 4 62 19 63 65
		f 4 10 11 -4 -10
		mu 0 4 63 23 64 65
		f 4 -9 12 13 14
		mu 0 4 63 19 66 69
		f 4 15 16 17 -14
		mu 0 4 66 5 67 69
		f 4 18 19 20 -18
		mu 0 4 67 20 68 69
		f 4 21 -11 -15 -21
		mu 0 4 68 23 63 69
		f 4 -20 22 23 24
		mu 0 4 68 20 70 73
		f 4 25 26 27 -24
		mu 0 4 70 7 71 73
		f 4 28 29 30 -28
		mu 0 4 71 21 72 73
		f 4 31 -22 -25 -31
		mu 0 4 72 23 68 73
		f 4 -30 32 33 34
		mu 0 4 72 21 74 76
		f 4 35 36 37 -34
		mu 0 4 74 11 75 76
		f 4 38 -1 39 -38
		mu 0 4 75 22 64 76
		f 4 -12 -32 -35 -40
		mu 0 4 64 23 72 76
		f 4 40 -29 41 42
		mu 0 4 79 21 71 80
		f 4 -27 43 44 -42
		mu 0 4 71 7 77 80
		f 4 45 46 47 -45
		mu 0 4 77 24 78 80
		f 4 48 49 -43 -48
		mu 0 4 78 27 79 80
		f 4 -47 50 51 52
		mu 0 4 78 24 81 84
		f 4 53 54 55 -52
		mu 0 4 81 0 82 84
		f 4 56 57 58 -56
		mu 0 4 82 25 83 84
		f 4 59 -49 -53 -59
		mu 0 4 83 27 78 84
		f 4 -58 60 61 62
		mu 0 4 83 25 85 88
		f 4 63 64 65 -62
		mu 0 4 85 8 86 88
		f 4 66 67 68 -66
		mu 0 4 86 26 87 88
		f 4 69 -60 -63 -69
		mu 0 4 87 27 83 88
		f 4 -68 70 71 72
		mu 0 4 87 26 89 90
		f 4 73 -36 74 -72
		mu 0 4 89 11 74 90
		f 4 -33 -41 75 -75
		mu 0 4 74 21 79 90
		f 4 -50 -70 -73 -76
		mu 0 4 79 27 87 90
		f 4 76 -67 77 78
		mu 0 4 93 26 86 94
		f 4 -65 79 80 -78
		mu 0 4 86 8 91 94
		f 4 81 82 83 -81
		mu 0 4 91 28 92 94
		f 4 84 85 -79 -84
		mu 0 4 92 31 93 94
		f 4 -83 86 87 88
		mu 0 4 92 28 95 98
		f 4 89 90 91 -88
		mu 0 4 95 3 96 98
		f 4 92 93 94 -92
		mu 0 4 96 29 97 98
		f 4 95 -85 -89 -95
		mu 0 4 97 31 92 98
		f 4 -94 96 97 98
		mu 0 4 97 29 99 102
		f 4 99 100 101 -98
		mu 0 4 99 9 100 102
		f 4 102 103 104 -102
		mu 0 4 100 30 101 102
		f 4 105 -96 -99 -105
		mu 0 4 101 31 97 102
		f 4 -104 106 107 108
		mu 0 4 101 30 103 104
		f 4 109 -74 110 -108
		mu 0 4 103 11 89 104
		f 4 -71 -77 111 -111
		mu 0 4 89 26 93 104
		f 4 -86 -106 -109 -112
		mu 0 4 93 31 101 104
		f 4 112 -103 113 114
		mu 0 4 107 30 100 108
		f 4 -101 115 116 -114
		mu 0 4 100 9 105 108
		f 4 117 118 119 -117
		mu 0 4 105 32 106 108
		f 4 120 121 -115 -120
		mu 0 4 106 34 107 108
		f 4 -119 122 123 124
		mu 0 4 106 32 109 112
		f 4 125 126 127 -124
		mu 0 4 109 6 110 112
		f 4 128 129 130 -128
		mu 0 4 110 33 111 112
		f 4 131 -121 -125 -131
		mu 0 4 111 34 106 112
		f 4 -130 132 133 134
		mu 0 4 111 33 113 115
		f 4 135 -5 136 -134
		mu 0 4 113 10 61 115
		f 4 -2 137 138 -137
		mu 0 4 61 22 114 115
		f 4 139 -132 -135 -139
		mu 0 4 114 34 111 115
		f 4 -138 -39 140 141
		mu 0 4 114 22 75 116
		f 4 -37 -110 142 -141
		mu 0 4 75 11 103 116
		f 4 -107 -113 143 -143
		mu 0 4 103 30 107 116
		f 4 -122 -140 -142 -144
		mu 0 4 107 34 114 116
		f 4 144 145 146 147
		mu 0 4 119 37 117 120
		f 4 148 -100 149 -147
		mu 0 4 117 9 99 120
		f 4 -97 150 151 -150
		mu 0 4 99 29 118 120
		f 4 152 153 -148 -152
		mu 0 4 118 38 119 120
		f 4 -151 -93 154 155
		mu 0 4 118 29 96 123
		f 4 -91 156 157 -155
		mu 0 4 96 3 121 123
		f 4 158 159 160 -158
		mu 0 4 121 35 122 123
		f 4 161 -153 -156 -161
		mu 0 4 122 38 118 123
		f 4 -160 162 163 164
		mu 0 4 122 35 124 127
		f 4 165 166 167 -164
		mu 0 4 124 12 125 127
		f 4 168 169 170 -168
		mu 0 4 125 36 126 127
		f 4 171 -162 -165 -171
		mu 0 4 126 38 122 127
		f 4 -170 172 173 174
		mu 0 4 126 36 128 130
		f 4 175 176 177 -174
		mu 0 4 128 15 129 130
		f 4 178 -145 179 -178
		mu 0 4 129 37 119 130
		f 4 -154 -172 -175 -180
		mu 0 4 119 38 126 130
		f 4 180 -169 181 182
		mu 0 4 133 36 125 134
		f 4 -167 183 184 -182
		mu 0 4 125 12 131 134
		f 4 185 186 187 -185
		mu 0 4 131 39 132 134
		f 4 188 189 -183 -188
		mu 0 4 132 42 133 134
		f 4 -187 190 191 192
		mu 0 4 132 39 135 138
		f 4 193 194 195 -192
		mu 0 4 135 1 136 138
		f 4 196 197 198 -196
		mu 0 4 136 40 137 138
		f 4 199 -189 -193 -199
		mu 0 4 137 42 132 138
		f 4 -198 200 201 202
		mu 0 4 137 40 139 142
		f 4 203 204 205 -202
		mu 0 4 139 13 140 142
		f 4 206 207 208 -206
		mu 0 4 140 41 141 142
		f 4 209 -200 -203 -209
		mu 0 4 141 42 137 142
		f 4 -208 210 211 212
		mu 0 4 141 41 143 144
		f 4 213 -176 214 -212
		mu 0 4 143 15 128 144
		f 4 -173 -181 215 -215
		mu 0 4 128 36 133 144
		f 4 -190 -210 -213 -216
		mu 0 4 133 42 141 144
		f 4 216 -207 217 218
		mu 0 4 147 41 140 148
		f 4 -205 219 220 -218
		mu 0 4 140 13 145 148
		f 4 221 222 223 -221
		mu 0 4 145 43 146 148
		f 4 224 225 -219 -224
		mu 0 4 146 46 147 148
		f 4 -223 226 227 228
		mu 0 4 146 43 149 152
		f 4 229 230 231 -228
		mu 0 4 149 4 150 152
		f 4 232 233 234 -232
		mu 0 4 150 44 151 152
		f 4 235 -225 -229 -235
		mu 0 4 151 46 146 152
		f 4 -234 236 237 238
		mu 0 4 151 44 153 156
		f 4 239 240 241 -238
		mu 0 4 153 14 154 156
		f 4 242 243 244 -242
		mu 0 4 154 45 155 156
		f 4 245 -236 -239 -245
		mu 0 4 155 46 151 156
		f 4 -244 246 247 248
		mu 0 4 155 45 157 158
		f 4 249 -214 250 -248
		mu 0 4 157 15 143 158
		f 4 -211 -217 251 -251
		mu 0 4 143 41 147 158
		f 4 -226 -246 -249 -252
		mu 0 4 147 46 155 158
		f 4 252 -243 253 254
		mu 0 4 161 45 154 162
		f 4 -241 255 256 -254
		mu 0 4 154 14 159 162
		f 4 257 258 259 -257
		mu 0 4 159 47 160 162
		f 4 260 261 -255 -260
		mu 0 4 160 48 161 162
		f 4 -259 262 263 264
		mu 0 4 160 47 163 165
		f 4 265 -126 266 -264
		mu 0 4 163 6 109 165
		f 4 -123 267 268 -267
		mu 0 4 109 32 164 165
		f 4 269 -261 -265 -269
		mu 0 4 164 48 160 165
		f 4 -268 -118 270 271
		mu 0 4 164 32 105 167
		f 4 -116 -149 272 -271
		mu 0 4 105 9 117 167
		f 4 -146 273 274 -273
		mu 0 4 117 37 166 167
		f 4 275 -270 -272 -275
		mu 0 4 166 48 164 167
		f 4 -274 -179 276 277
		mu 0 4 166 37 129 168
		f 4 -177 -250 278 -277
		mu 0 4 129 15 157 168
		f 4 -247 -253 279 -279
		mu 0 4 157 45 161 168
		f 4 -262 -276 -278 -280
		mu 0 4 161 48 166 168
		f 4 280 281 282 283
		mu 0 4 171 51 169 172
		f 4 284 -240 285 -283
		mu 0 4 169 14 153 172
		f 4 -237 286 287 -286
		mu 0 4 153 44 170 172
		f 4 288 289 -284 -288
		mu 0 4 170 52 171 172
		f 4 -287 -233 290 291
		mu 0 4 170 44 150 175
		f 4 -231 292 293 -291
		mu 0 4 150 4 173 175
		f 4 294 295 296 -294
		mu 0 4 173 49 174 175
		f 4 297 -289 -292 -297
		mu 0 4 174 52 170 175
		f 4 -296 298 299 300
		mu 0 4 174 49 176 179
		f 4 301 302 303 -300
		mu 0 4 176 16 177 179
		f 4 304 305 306 -304
		mu 0 4 177 50 178 179
		f 4 307 -298 -301 -307
		mu 0 4 178 52 174 179
		f 4 -306 308 309 310
		mu 0 4 178 50 180 182
		f 4 311 312 313 -310
		mu 0 4 180 18 181 182
		f 4 314 -281 315 -314
		mu 0 4 181 51 171 182
		f 4 -290 -308 -311 -316
		mu 0 4 171 52 178 182
		f 4 316 -305 317 318
		mu 0 4 185 50 177 186
		f 4 -303 319 320 -318
		mu 0 4 177 16 183 186
		f 4 321 322 323 -321
		mu 0 4 183 53 184 186
		f 4 324 325 -319 -324
		mu 0 4 184 56 185 186
		f 4 -323 326 327 328
		mu 0 4 184 53 187 190
		f 4 329 330 331 -328
		mu 0 4 187 2 188 190
		f 4 332 333 334 -332
		mu 0 4 188 54 189 190
		f 4 335 -325 -329 -335
		mu 0 4 189 56 184 190
		f 4 -334 336 337 338
		mu 0 4 189 54 191 194
		f 4 339 340 341 -338
		mu 0 4 191 17 192 194
		f 4 342 343 344 -342
		mu 0 4 192 55 193 194
		f 4 345 -336 -339 -345
		mu 0 4 193 56 189 194
		f 4 -344 346 347 348
		mu 0 4 193 55 195 196
		f 4 349 -312 350 -348
		mu 0 4 195 18 180 196
		f 4 -309 -317 351 -351
		mu 0 4 180 50 185 196
		f 4 -326 -346 -349 -352
		mu 0 4 185 56 193 196
		f 4 352 -343 353 354
		mu 0 4 199 55 192 200
		f 4 -341 355 356 -354
		mu 0 4 192 17 197 200
		f 4 357 358 359 -357
		mu 0 4 197 57 198 200
		f 4 360 361 -355 -360
		mu 0 4 198 59 199 200
		f 4 -359 362 363 364
		mu 0 4 198 57 201 203
		f 4 365 -16 366 -364
		mu 0 4 201 5 66 203
		f 4 -13 367 368 -367
		mu 0 4 66 19 202 203
		f 4 369 -361 -365 -369
		mu 0 4 202 59 198 203
		f 4 -368 -8 370 371
		mu 0 4 202 19 62 206
		f 4 -6 372 373 -371
		mu 0 4 62 10 204 206
		f 4 374 375 376 -374
		mu 0 4 204 58 205 206
		f 4 377 -370 -372 -377
		mu 0 4 205 59 202 206
		f 4 -376 378 379 380
		mu 0 4 205 58 207 208
		f 4 381 -350 382 -380
		mu 0 4 207 18 195 208
		f 4 -347 -353 383 -383
		mu 0 4 195 55 199 208
		f 4 -362 -378 -381 -384
		mu 0 4 199 59 205 208
		f 4 384 -375 385 386
		mu 0 4 210 58 204 211
		f 4 -373 -136 387 -386
		mu 0 4 204 10 113 211
		f 4 -133 388 389 -388
		mu 0 4 113 33 209 211
		f 4 390 391 -387 -390
		mu 0 4 209 60 210 211
		f 4 -389 -129 392 393
		mu 0 4 209 33 110 213
		f 4 -127 -266 394 -393
		mu 0 4 110 6 163 213
		f 4 -263 395 396 -395
		mu 0 4 163 47 212 213
		f 4 397 -391 -394 -397
		mu 0 4 212 60 209 213
		f 4 -396 -258 398 399
		mu 0 4 212 47 159 215
		f 4 -256 -285 400 -399
		mu 0 4 159 14 169 215
		f 4 -282 401 402 -401
		mu 0 4 169 51 214 215
		f 4 403 -398 -400 -403
		mu 0 4 214 60 212 215
		f 4 -402 -315 404 405
		mu 0 4 214 51 181 216
		f 4 -313 -382 406 -405
		mu 0 4 181 18 207 216
		f 4 -379 -385 407 -407
		mu 0 4 207 58 210 216
		f 4 -392 -404 -406 -408
		mu 0 4 210 60 214 216;
	setAttr ".cd" -type "dataPolyComponent" Index_Data Edge 0 ;
	setAttr ".cvd" -type "dataPolyComponent" Index_Data Vertex 0 ;
	setAttr ".pd[0]" -type "dataPolyComponent" Index_Data UV 0 ;
	setAttr ".hfd" -type "dataPolyComponent" Index_Data Face 0 ;
	setAttr ".qsp" 0;
select -ne :time1;
	setAttr ".o" 23;
	setAttr ".unw" 23;
select -ne :hardwareRenderingGlobals;
	setAttr ".otfna" -type "stringArray" 22 "NURBS Curves" "NURBS Surfaces" "Polygons" "Subdiv Surface" "Particles" "Particle Instance" "Fluids" "Strokes" "Image Planes" "UI" "Lights" "Cameras" "Locators" "Joints" "IK Handles" "Deformers" "Motion Trails" "Components" "Hair Systems" "Follicles" "Misc. UI" "Ornaments"  ;
	setAttr ".otfva" -type "Int32Array" 22 0 1 1 1 1 1
		 1 1 1 0 0 0 0 0 0 0 0 0
		 0 0 0 0 ;
	setAttr ".fprt" yes;
	setAttr ".rtfm" 1;
select -ne :renderPartition;
	setAttr -s 3 ".st";
select -ne :renderGlobalsList1;
select -ne :defaultShaderList1;
	setAttr -s 7 ".s";
select -ne :postProcessList1;
	setAttr -s 2 ".p";
select -ne :defaultRenderingList1;
select -ne :standardSurface1;
	setAttr ".bc" -type "float3" 0.40000001 0.40000001 0.40000001 ;
	setAttr ".sr" 0.5;
select -ne :openPBR_shader1;
	setAttr ".bc" -type "float3" 0.40000001 0.40000001 0.40000001 ;
	setAttr ".sr" 0.5;
select -ne :initialShadingGroup;
	setAttr -s 11 ".dsm";
	setAttr ".ro" yes;
	setAttr -s 2 ".gn";
select -ne :initialParticleSE;
	setAttr ".ro" yes;
select -ne :defaultRenderGlobals;
	addAttr -ci true -h true -sn "dss" -ln "defaultSurfaceShader" -dt "string";
	setAttr ".ren" -type "string" "arnold";
	setAttr ".dss" -type "string" "openPBR_shader1";
select -ne :defaultResolution;
	setAttr ".pa" 1;
select -ne :defaultColorMgtGlobals;
	setAttr ".cfe" yes;
	setAttr ".cfp" -type "string" "<MAYA_RESOURCES>/OCIO-configs/Maya2022-default/config.ocio";
	setAttr ".vtn" -type "string" "ACES 1.0 SDR-video (sRGB)";
	setAttr ".vn" -type "string" "ACES 1.0 SDR-video";
	setAttr ".dn" -type "string" "sRGB";
	setAttr ".wsn" -type "string" "ACEScg";
	setAttr ".otn" -type "string" "ACES 1.0 SDR-video (sRGB)";
	setAttr ".potn" -type "string" "ACES 1.0 SDR-video (sRGB)";
select -ne :hardwareRenderGlobals;
	setAttr ".ctrs" 256;
	setAttr ".btrs" 512;
connectAttr "|pDisc3|outputCloth2.iog" ":initialShadingGroup.dsm" -na;
// End of Blanket.1
